01012
12
77009
12e
77009
175
80009
2
99009
32
84009
33
84009
51
64009
61
82009
63
82009
7
84009
80
67009



01013
130
54009
133
54009
145
52009
197
84009
851
59009
851e
59009
960
46009
960e
46009



01019
12
10499
12e
10499
130
03239
133
03239
2
10499
33
16009
960
02099
960e
02099



01029
145
11379
175
17009
197
28009
32
11379
51
28009
61
43009
63
82009
7
17009
7A
09022
80
14009
851
10009
851e
05019



01039
145
11379
175
17009
197
28009
32
11379
51
28009
61
43009
63
82009
7
17009
7A
09022
80
14009
851
10009
851e
05019



01059
12
10499
130
03239
133
03239
2
10499
33
16009
960
02099
960e
02099



01109
170
46101
170A
46069



01112
12
77009
12e
77009
175
80009
197
84009
63
82009
7
84009
80
67009
851
59009
851e
59009
960
46009
960e
46009
980
58009



01113
130
54009
133
54009
145
52009
2
99009
32
84009
33
84009
51
64009
61
82009



01119
12
10499
12e
10499
130
03239
133
03239
2
10499
33
16009
960
02099
960e
02099



01121
12
77009
130
54009
133
54009
145
52009
175
80009
197
84009
2
99009
32
84009
33
84009
51
64009
61
82009
63
82009
7
84009
80
67009



01129
12
10499
133
03239
2
10499
33
16009



01139
145
11379
175
17009
197
28009
32
11379
51
28009
61
43009
63
82009
7
17009
7A
09022
80
14009
851
10009
851e
05019



01211
107M
64009
12
77009
133
54009
145
52009
175
80009
197
84009
2
99009
32
84009
33
84009
51
64009
61
82009
63
82009
7
84009
80
67009



01219
107M
64009
12
10499
133
03239
2
10499
33
16009



01229
145
11379
175
17009
197
28009
32
11379
51
28009
61
43009
63
82009
7
17009
7A
09022
80
14009



01231
107M
64009



01239
107M
64009
961M
46009
980
58009



01311
107M
64009
12
77009
133
54009
145
52009
175
80009
197
84009
2
99009
32
84009
33
84009
51
64009
61
82009
63
82009
7
84009
80
67009



01319
107M
64009
12
10499
133
03239
2
10499
33
16009



01329
145
11379
175
17009
197
28009
32
11379
51
28009
61
43009
63
82009
7
17009
7A
09022
80
14009
961M
46009
980
58009



01339
100
11009
145
11379
175
17009
197
28009
32
11379
51
28009
61
43009
63
82009
7
17009
7A
09022
80
14009
961M
46009
980
58009



01341
100
66009
961M
80009
980
80009



01349
100
11009



01411
100
66009
961M
80009
980
80009



01419
100
11009



01421
100
66009
961M
80009
980
80009



01429
100
11009



01511
100
66009
107M
64009
961M
80009
980
80009



01519
100
11009
107M
64009
57
10009
961M
46009
980
58009



01521
100
66009
107M
64009
961M
80009
980
80009



01529
100
11009
107M
64009
961M
46009
980
58009



01541
12e
10499
48
11379
57
53009



01549
12e
77009
48
84299



01559
12e
77009
48
84299
57
10009



01611
100
66009
56
53009
57
53009
961M
80009



01619
100
11009
107M
64009
56
02099
57
10009
961M
46009



01621
100
66009
57
53009
961M
80009
980
80009



01629
100
11009
107M
64009
57
10009
961M
46009



01631
56
53009
980
58009



01639
56
02099
980
80009



02029
100
11009
130
03239
131
10009
167
10009
75
48009



02049
106
03218
111
11009
130
03239
131
10009
133
03239
14
84009
16
84009
162M
55509
167
10009
167e
03218
171
02099
36
95129
502
22609
518
77009
700A
48009
77
02089
857
59009
960
02099
960e
02099



02051
106
43009
111
11009
133
54009
162M
55509
171
59009
195
02099
36
95129
56
53009
700A
48009
70M
55509
75
48009
77
43009
857
59009
960
46009
960e
46009
961M
46009
961M
80009
97
28009



02061
106
43009
111
11009
133
54009
162M
55509
171
59009
195
02099
36
95129
56
53009
700A
48009
70M
55509
75
48009
77
43009
857
59009
960
46009
960e
46009
961M
46009
961M
80009
97
28009



02089
107M
64009
171
02099
195
02099
36
95129
56
02099
75
02099
77
02099
960
02099
960e
02099
961M
46009
961M
80009
97
02099



02099
171
59009
195
02099
56
53009
75
48009
960
46009
960e
46009



02101
171
59009
195
02099
56
53009
75
48009
77
43009
960
46009
960e
46009
961M
46009
961M
80009
97
28009



02111
10
75009
100
66009
130
54009
131
52499
167
58009
167e
58009
196
84009
57
53009
75
02099



02119
10
16009
196
17009
57
10009



02141
107M
64009



02149
36
95129



02151
106
03218
111
11009
133
03239
162M
55509
36
95129
502
22609
518
77009
700A
48009
70M
55509
857
59009
97
28009



02159
36
95129
97
02099



02161
106
03218
111
11009
133
03239
162M
55509
36
95129
502
22609
518
77009
700A
48009
70M
55509
857
59009
97
28009



02169
107M
64009
97
02099



02171
106
03218
111
11009
133
03239
162M
55509
36
95129
502
22609
518
77009
700A
48009
70M
55509
857
59009
97
28009



02181
195
02099
961M
80009



03011
10
75009
100
66009
130
54009
131
52499
167
58009
167e
58009
196
84009
57
53009
75
02099



03019
10
16009
100
11009
130
03239
131
10009
167
10009
167e
03218
196
17009
57
10009
75
48009



03021
131
52499
167
58009
167e
58009
57
53009



03031
10
75009
100
66009
130
54009
196
84009
75
02099



03041
186
52499
970
45009



03059
10
16009
100
11009
130
03239
131
10009
167
10009
167e
03218
186
03239
196
17009
57
10009
75
48009
970
03218



03071
10
75009
106
43009
133
54009
196
84009
97
02099



03111
10
75009
100
66009
106
43009
130
54009
133
54009
196
84009
75
02099
97
02099



03129
10
16009
100
11009
106
03218
130
03239
131
10009
133
03239
167
10009
167e
03218
186
03239
196
17009
400
03239
502
22609
57
10009
75
48009
97
28009
970
03218



03151
131
52499
167
58009
167e
58009
186
52499
400
03239
57
53009
970
45009



03217
10
16009
100
11009
131
10009
502
22609
57
10009
97
28009



03218
106
03239
130
03239
133
03239
167
10009
186
03239
196
17009
400
03239
75
48009



03222
10
75009
100
66009
106
43009
130
54009
133
54009
196
84009
75
02099
97
02099



03223
131
52499
167
58009
167e
58009
186
52499
400
03239
57
53009
970
45009



03239
106
43009
130
54009
133
54009
186
52499
400
03239
970
45009



03241



03331
400
03239



03339
400
03239



03341
400
03239



03349
400
03239



03369
400
03239



03371
400
03239



03381
106
43009
133
54009
400
03239
97
02089



03391
106
43009
133
54009
400
03239
97
02089



03411
400
03239



03419
400
03239



03421
400
03239



03501
106
43009
133
54009
97
02089



03509
106
03218
133
03239
502
22609
518
77009
97
28009



03511
106
43009
133
54009
97
02089



03519
106
03218
133
03239
502
22609
518
77009
97
28009



03529
106
03218
133
03239
400
03239
502
22609
97
28009



03539
106
03218
133
03239
400
03239
502
22609
97
28009



04019
131
10009
147
17009
166
17009
857
59009



04029
139
10009
64
80289
65
14009



04111
106
43009
111
11009
131
52499
14
17009
16
10009
162M
55509
167
58009
167e
58009
171
59009
175
17009
36
95129
7
17009
700A
48009
77
43009
7A
09022
857
59009



04121
106
43009
111
11009
124
52499
131
52499
14
17009
147
64009
16
10009
162M
55509
166
54009
167
58009
167e
58009
171
59009
174
22009
175
17009
190
44009
36
95129
7
17009
700A
48009
77
43009
7A
09022
857
59009



04142
12
77009
12e
77009
197
84009
2
99009
32
84009
33
84009
51
64009
61
82009
63
82009
80
67009



04143
124
52499
147
64009
166
54009
174
22009
190
44009



04149
12
10499
12e
10499
147
17009
190
10499
2
10499
33
16009



04151
130
54009
133
54009
145
52009
197
84009
851
59009
851e
59009
960
46009
960e
46009



04159
12
10499
12e
10499
147
17009
190
10499
2
10499
33
16009



04167
124
14009
145
11379
166
17009
174
10499
197
28009
61
43009



04168
195
02099
32
11379
51
28009
63
82009
80
14009
851
10009
851e
05019
961M
46009



04179
106
03218
111
11009
131
10009
14
84009
16
84009
162M
55509
167
10009
167e
03218
171
02099
175
80009
36
95129
502
22609
518
77009
7
84009
700A
48009
77
02089
857
59009



04211
195
02099
32
11379
54
53009



04219
195
02099
32
84009
54
10499



04222
12
77009
124
52499
12e
77009
145
52009
147
64009
166
54009
174
22009
190
44009
197
84009
2
99009
33
84009
51
64009
54
53009
61
82009
63
82009
80
67009
851
59009
851e
59009
961M
80009



04223
124
52499
145
52009
147
64009
166
54009
174
22009
190
44009
851
59009
851e
59009



04229
12
10499
12e
10499
147
17009
190
10499
2
10499
33
16009



04239
12
10499
12e
10499
147
17009
147e
17009
190
10499
2
10499
33
16009
54
10499



04249
124
14009
145
11379
166
17009
174
10499
197
28009
51
28009
61
43009
63
82009
80
14009
851
10009
851e
05019
961M
46009



04251
195
02099
32
11379



04311
123
10009
139
52009
143
52009
64
80289



04321
123
10009
143
52009
64
80289



04329
123
14539
143
28009
64
80289



04331
195
02099
32
11379
54
53009



04339
195
02099
32
84009
54
10499



05009



05012
124
52499
143
52009
147
64009
147e
04222
166
54009
190
44009
54
53009
851
59009
851e
59009
970
03218
CT18
84219
CT8
55509



05013
12
77009
12e
77009
143
52009
197
84009
2
99009
33
84009
61
82009
63
82009
80
67009
961M
80009
970
03218
CT18
84219
CT8
55509



05019
12
10499
124
14009
12e
10499
143
28009
147
17009
147e
17009
190
10499
2
10499
33
16009
54
10499
63
82009
851
10009
961M
46009
970
45009
CT18
10499
CT8
10499



05022
124
52499
145
52009
147
64009
147e
04222
166
54009
190
44009
54
53009
851
59009
851e
59009



05023
12
77009
12e
77009
174
22009
197
84009
2
99009
33
84009
51
64009
61
82009
63
82009
80
67009
961M
80009



05029
124
14009
145
11379
166
17009
174
10499
197
28009
51
28009
61
43009
63
82009
80
14009
851
10009
851e
05019
961M
46009



05039
12
10499
124
14009
12e
10499
143
28009
147
17009
147e
17009
190
10499
2
10499
33
16009
54
10499
63
82009
851
10009
851e
05019
961M
46009
970
45009
CT18
10499
CT8
10499



05049
12
10499
12e
10499
143
28009
147
17009
147e
17009
190
10499
2
10499
33
16009
54
10499
CT18
10499
CT8
10499



05059
12
10499
12e
10499
147
17009
147e
17009
190
10499
2
10499
33
16009
54
10499



05069
124
14009
143
28009
147
17009
147e
17009
961M
46009



05129
186
03239
970
03218



05131
124
14009
174
10499
186
52499
51
28009
63
82009
851
10009
851e
05019
961M
46009
970
45009



05189
166
17009
197
28009
61
43009



05199
145
11379
166
17009
197
28009
61
43009
80
14009



05239
166
17009
197
28009
61
43009



05241
145
52009
80
67009



05259
166
17009
197
28009
61
43009



05269
145
11379
80
14009



05271
145
52009
80
67009



05319
186
03239
970
03218



05411
145
52009
80
67009



05419
145
11379
80
14009



05421
145
52009
80
67009



05429
145
11379
80
14009



05431
145
11379
80
14009



05519
167
58009
196
84009
75
02099



05521
167
10009
196
17009
75
48009



05629
167
58009
196
84009
75
02099
80
67009



05631
167
10009
196
17009
75
48009
80
67009



05641
10
75009
100
66009
131
52499
145
52009
30
84009
57
53009
97
02099



05649
10
16009
100
11009
131
10009
145
11379
30
22009
57
10009
80
14009
97
28009



05651
145
52009
80
67009



06011
121
10499
122
10499
174
22009
33
16009
63
82009
75
48009
851
10009
970
45009



06029
121
10499
122
10499
174
10499
33
84009
63
82009
75
02099
851
59009
970
03218



06031
174
10499



06039
174
22009



06049
121
10499
122
10499
33
84009
63
82009
75
02099
851
59009
970
03218



06051
121
10499
122
10499
123
14539
16
10009
175
80009
195
02099
33
16009
5
10009
63
82009
75
48009
851
10009
970
45009



06069
121
10499
123
14539
16
10009
175
17009
195
02099
5
10009
75
02099
970
03218



06071
121
10499
123
10009
16
84009
175
80009
195
02099
5
77009
75
48009
970
45009



06081
121
10499
123
10009
16
84009
175
80009
195
02099
5
77009
75
48009
970
45009



06129
16
10009
175
17009
195
02099
5
10009
75
02099
970
03218



06131
16
84009
175
80009
195
02099
5
77009
75
48009
970
45009



06141
186
52499
51
28009
64
80289



06149
123
10009
186
03239
51
64009
64
80289



06151
123
14539
186
52499
51
28009
64
80289



06159
123
10009
186
03239
51
64009
64
80289



06161
123
14539
186
52499
51
28009
64
80289



06169
123
10009
186
03239
51
64009
64
80289



06171
143
52009
174
10499
186
52499
51
28009



06189
143
28009
174
22009
186
03239
51
64009



07011
131
52499
139
52009
147
64009
166
54009
64
80289
65
75009
857
59009



07021
131
52499
139
52009
147
64009
166
54009
56
53009
64
80289
65
75009
857
59009



07031
131
52499
139
52009
147
64009
23
75009
64
80289
65
75009
66
84009
67
75009
857
59009



07111
131
52499
139
52009
147
64009
23
75009
64
80289
65
75009
66
84009
67
75009
857
59009



07211
125
52499
130
54009
139
52009
141
80009
147
64009
21
52499
23
75009
64
80289
65
75009
66
84009
67
75009
857
59009



07221
125
52499
130
54009
139
52009
147
64009
21
52499
23
75009
64
80289
65
75009
66
84009
857
59009



07231
125
52499
130
54009
141
52009
21
52499



07241
145
52009



07249
141
80009
145
11379
67
75009



07319
130
03239
139
10009
147
17009
23
75009
64
80289
65
14009
66
28009
67
44009
857
59009



07329
125
52499
130
03239
139
10009
141
52009
147
17009
21
52499
23
75009
64
80289
65
14009
66
28009
67
44009
857
59009



07331
130
54009



07351
13
55509
133
54009
141
52009
145
52009
67
44009



07359
13
94009
133
03239
141
80009
145
11379
67
75009



07361
13
55509
133
54009
141
52009
145
52009
67
44009



07369
107M
64009
13
94009
133
03239
141
80009
145
11379
175
17009
61
43009
67
75009
961M
46009



07371
107M
64009
13
55509
133
54009
141
52009
145
52009
175
80009
61
82009
67
44009
961M
80009



07379
107M
64009
13
94009
133
03239
141
80009
145
11379
175
17009
61
43009
67
75009
961M
46009



07419
130
03239
139
10009
147
17009
23
75009
64
80289
65
14009
66
28009
67
44009
857
59009



07517
139
10009
64
80289
65
14009



07518
131
10009
147
17009
166
17009
56
02099
857
59009
980
80009



07529
130
03239
139
10009
147
17009
64
80289
65
14009
857
59009



07531
170
46101
170A
46069
23
75009
48
11379
57
53009
66
28009
67
44009
851
59009
851e
59009
960
46009
960e
46009
980
58009



07539
131
10009
166
17009
170
01109
48
84299
56
02099
57
10009
851
10009
851e
05019
960
02099
960e
02099
980
80009



07551
170
46101
170A
46069
48
11379
57
53009
851
59009
851e
59009
960
46009
960e
46009
980
58009



07561
56
53009



07569
56
02099
980
80009



07571
56
53009



07589
130
03239
48
84299
57
10009
851
10009
851e
05019
960
02099
960e
02099



08011
123
10009
139
52009
143
52009
64
80289



08019
123
14539
139
10009
143
28009
64
80289



08031
106
43009
111
11009
124
52499
14
17009
16
10009
162M
55509
167
58009
167e
58009
171
59009
174
22009
175
17009
190
44009
36
95129
65
14009
7
17009
700A
48009
77
43009
7A
09022
972
45009



08041
106
43009
111
11009
124
52499
139
10009
14
17009
16
10009
162M
55509
167
58009
167e
58009
171
59009
174
22009
175
17009
190
44009
36
95129
64
80289
65
14009
7
17009
700A
48009
77
43009
7A
09022
972
45009



08057
106
03239
111
11009
124
14009
14
84009
16
84009
162M
55509
167
10009
167e
03218
171
02099
174
10499
175
80009
190
10499
36
95129
502
22609
518
77009
7
84009
700A
48009
77
02099
972
45009



08058
139
52009
64
80289
65
75009



08069
106
03239
111
11009
124
14009
14
84009
16
84009
162M
55509
167
10009
167e
03218
171
02099
174
10499
175
80009
190
10499
36
95129
502
22609
518
77009
7
84009
700A
48009
77
02089



08079
131
52499
139
52009
147
64009
166
54009
64
80289
65
75009
857
59009



08111
106
43009
111
11009
123
10009
124
52499
14
17009
143
52009
16
10009
162M
55509
167
58009
167e
58009
171
59009
174
22009
175
17009
190
44009
36
95129
65
14009
7
17009
700A
48009
77
43009
7A
09022
972
45009



08121
106
43009
111
11009
123
10009
124
52499
14
17009
143
52009
16
10009
162M
55509
167
58009
167e
58009
171
59009
174
22009
175
17009
190
44009
36
95129
65
14009
7
17009
700A
48009
77
43009
7A
09022
972
45009



08137
123
14539
143
28009



08138
106
03239
111
11009
124
14009
14
84009
16
84009
162M
55509
167
10009
167e
03218
171
02099
174
10499
175
80009
190
10499
36
95129
502
22609
518
77009
65
75009
7
84009
700A
48009
77
02099
7B
08057
972
45009



09011
124
52499
143
52009
162M
55509
167
58009
167e
58009
171
59009
190
44009
700A
48009
972
45009



09022
106
43009
111
11009
123
10009
14
17009
16
10009
174
22009
175
17009
36
95129
65
14009
7
17009
77
43009



09023
124
52499
143
52009
162M
55509
167
58009
167e
58009
171
59009
190
44009
700A
48009
972
45009



09037
124
14009
143
28009
162M
55509
167
10009
167e
03218
171
02099
174
10499
190
10499
36
95129
518
77009
700A
48009
77
02099
972
45009



09038
106
03239
111
11009
123
14539
14
84009
16
84009
175
80009
502
22609
65
75009
7
84009
7B
08057



09047
124
14009
143
28009
162M
55509
167
10009
167e
03218
171
02099
174
10499
190
10499
36
95129
518
77009
700A
48009
77
02099
972
45009



09048
106
03239
111
11009
123
14539
14
84009
16
84009
175
80009
502
22609
65
75009
7
84009
7B
08057



09059
106
43009
111
11009
123
10009
14
17009
16
10009
174
22009
175
17009
36
95129
65
14009
7
17009
77
43009
7A
09022



09111
105
28009
106
43009
111
11009
123
10009
132
10009
174
22009
36
95129
7
17009
77
43009



09121
105
28009
106
43009
111
11009
123
10009
132
10009
174
22009
7
17009
77
43009



09131
105
28009
106
43009
111
11009
123
10009
132
10009
174
22009
7
17009
75
48009
77
43009



09139
75
02099



09141
105
28009
106
43009
123
10009
174
22009
7
17009
75
48009
77
43009



09149
105
66009
106
03239
123
14539
174
10499
7
84009
77
02099
7B
08057



09159
105
66009
106
03239
111
11009
123
14539
132
64009
174
10499
36
95129
7
84009
77
02099
7B
08057



09169
105
66009
106
03239
111
11009
123
14539
132
64009
174
10499
36
95129
502
22609
7
84009
77
02099
7B
08057



09179
105
66009
106
03239
111
11009
123
14539
132
64009
174
10499
36
95129
502
22609
7
84009
77
02099
7B
08057



09191
36
95129



09212
124
52499
143
52009
162M
55509
167
58009
167e
58009
171
59009
5
77009
54
53009
700A
48009



09213
105
66009
132
64009
190
44009
972
45009



09219
105
28009
124
14009
132
10009
143
28009
162M
55509
167
10009
167e
03218
171
02099
190
10499
5
10009
518
77009
54
10499
700A
48009
972
45009



10009
123
14539
131
52499
132
64009
139
52009
153
64009
16
84009
167
58009
176
45009
198
22009
272
10009
273
10009
5
77009
57
53009
851
59009



10011
12
10499
121
10499
122
10499
124
14009
12e
10499
143
28009
147
17009
147e
17009
174
10499
190
10499
2
10499
54
10499
961M
46009
CT18
10499
CT8
10499



10017
12
77009
121
10499
122
10499
124
52499
12e
77009
143
52009
147
64009
166
54009
167
58009
174
22009
190
44009
196
84009
197
84009
2
99009
54
53009
61
82009
961M
80009
CT18
84219
CT8
55509



10018
124
52499
143
52009
147
64009
147e
04222
166
54009
197
84009
61
82009
961M
80009



10021
166
17009
167
10009
196
17009
197
28009
61
43009



10041
12
10499
121
10499
122
10499
124
14009
143
28009
147
17009
166
17009
167
10009
174
10499
190
10499
196
17009
197
28009
2
10499
54
10499
61
43009
961M
46009



10049
12
77009
121
10499
122
10499
124
52499
143
52009
147
64009
166
54009
167
58009
174
22009
190
44009
196
84009
197
84009
2
99009
54
53009
61
82009
961M
80009



10051
120
10499
147
17009
167
10009
196
17009
197
28009
961M
46009



10059
120
10499
147
64009
167
58009
196
84009
197
84009
961M
80009



10061
120
10499
147
17009
167
10009
196
17009
197
28009
961M
46009



10069
120
10499
147
64009
167
58009
196
84009
197
84009
961M
80009



10071
120
10499
121
10499
147
17009
167
10009
175
17009
196
17009
197
28009
961M
46009



10079
120
10499
121
10499
147
64009
167
58009
175
80009
196
84009
197
84009
961M
80009



10081
131
10009
14
17009
147
17009
167
10009
175
17009
196
17009
197
28009
5
10009
855
59009
961M
46009



10089
131
52499
14
84009
147
64009
167
58009
175
80009
196
84009
197
84009
5
77009
855
14009
961M
80009



10091
14
17009
147
17009
196
17009
197
28009
855
59009
961M
46009



10099
14
84009
147
64009
196
84009
197
84009
855
14009
961M
80009



10101
123
14539
139
52009
14
17009
147
17009
153
64009
196
17009
197
28009
198
22009
855
59009
961M
46009



10109
14
84009
147
64009
196
84009
197
84009
855
14009
961M
80009



10111
123
14539
14
17009
147
17009
153
64009
196
17009
197
28009
198
22009
855
59009
961M
46009



10119
123
10009
139
10009
14
84009
147
64009
153
10009
196
84009
197
84009
198
10009
855
14009
961M
80009



10121
121
10499



10129
121
10499



10131
123
14539
14
17009
147
17009
153
64009
196
17009
197
28009
198
22009
855
59009
961M
46009



10139
123
10009
14
84009
147
64009
153
10009
196
84009
197
84009
198
10009
855
14009
961M
80009



10141
122
10499
123
14539
123M
14009
16
10009
195
02099
33
16009
5
10009
63
82009
851
10009



10149
122
10499
123
10009
123M
14009
16
84009
195
02099
33
84009
5
77009
63
82009
851
59009



10151
121
10499
122
10499
123
14539
123M
14009
16
10009
195
02099
33
16009
5
10009
63
82009
851
10009



10161
121
10499
122
10499
123
14539
123M
14009
16
10009
195
02099
33
16009
5
10009
63
82009
851
10009



10169
121
10499
122
10499
123
10009
123M
14009
16
84009
195
02099
33
84009
5
77009
63
82009
851
59009



10171
120
10499
16
10009
32
11379
33
16009
63
82009
64
80289
851
10009



10179
120
10499
16
84009
32
84009
33
84009
63
82009
64
80289
851
59009



10181
120
10499
132
64009
145
11379
32
11379
33
16009
63
82009
64
80289



10189
120
10499
132
10009
145
52009
32
84009
33
84009
63
82009
64
80289



10191
120
10499
132
64009
145
11379
32
11379
33
16009
63
82009
64
80289



10199
120
10499
132
10009
145
52009
32
84009
33
84009
63
82009
64
80289



10201
120
10499
132
64009
145
11379
32
11379
33
16009
64
80289



10209
120
10499
132
10009
145
52009
32
84009
33
84009
64
80289



10211
139
52009



10219
139
10009



10221
121
10499
186
52499
51
28009
64
80289



10229
121
10499
186
03239
51
64009
64
80289



10231
121
10499
186
52499
51
28009
64
80289



10239
121
10499
186
03239
51
64009
64
80289



10241
122
10499
139
10009
186
52499
51
28009
970
45009



10249
122
10499
139
52009
186
03239
51
64009
970
03218



10261
122
10499
139
10009
186
52499
51
28009
970
45009



10269
122
10499
139
52009
186
03239
51
64009
970
03218



10271
122
10499
139
10009
186
52499
51
28009
970
45009



10279
122
10499
139
52009
186
03239
51
64009
970
03218



10281
111
11009
120
10499
139
10009
145
11379
186
52499
33
16009
51
28009
64
80289
970
45009



10289
111
11009
139
52009
186
03239
51
64009
970
03218



10291
111
11009
120
10499
139
10009
145
11379
186
52499
33
16009
51
28009
64
80289
970
45009



10299
111
11009
120
10499
139
52009
145
52009
186
03239
33
84009
51
64009
64
80289
970
03218



10321
111
11009
122
10499
132
64009
32
11379



10329
111
11009
122
10499
132
10009
32
84009



10331
145
11379
175
80009
176
10009
272
10009
273
10009
57
10009



10339
145
52009
175
17009
176
45009
272
10009
273
10009
57
53009



10341
132
64009
145
11379
16
84009
851
59009



10349
132
10009
145
52009
16
10009
851
10009



10351
132
64009
145
11379
16
84009
851
59009



10359
132
10009
145
52009
16
10009
851
10009



10361
121
10499
123
10009
123M
14009
131
10009
195
02099
65
75009
855
59009



10369
121
10499
123
14539
123M
14009
131
52499
195
02099
65
14009
855
14009



10371
120
10499
123
10009
123M
14009
14
84009
195
02099
5
77009
65
75009



10379
120
10499
123
14539
123M
14009
14
17009
195
02099
5
10009
65
14009



10381
121
10499
122
10499
14
84009
32
84009
64
80289
65
75009



10389
121
10499
122
10499
14
17009
32
11379
64
80289
65
14009



10391
124
52499
143
52009
166
54009
61
82009



10399
124
14009
143
28009
166
17009
61
43009



10401
63
82009



10409
63
82009



10411
63
82009



10419
63
82009



10421
139
10009
63
82009



10429
139
52009
63
82009



10431
139
10009



10439
139
52009



10441
139
10009



10449
139
52009



10451
63
82009



10459
63
82009



10461
122
10499
32
84009



10469
122
10499
32
11379



10471
122
10499
32
84009



10479
122
10499
32
11379



10481
63
82009



10489
63
82009



10499
12
77009
120
10499
121
10499
122
10499
12e
77009
174
22009
190
44009
2
99009
54
53009
CT18
84219
CT8
55509



10501
121
10499
147
17009
167
10009
175
17009
196
17009
197
28009
961M
46009



10519
139
10009
14
17009
32
11379
65
14009
970
45009



10599
63
82009



10651
123
10009
139
10009
153
10009
198
10009



10659
123
14539
139
52009
153
64009
198
22009



11009
100
66009
111
11009
92M
11009



11019
123
10009
14
84009
147
64009
153
10009
196
84009
197
84009
198
10009
855
14009
961M
80009



11021
100
11009
123
14539
147
17009
153
64009
196
17009
198
22009
51
64009
61
43009
855
59009
93
82009
961M
46009



11029
100
66009
123
10009
147
64009
153
10009
196
84009
198
10009
51
28009
61
82009
64
80289
855
14009
93
14009
961M
80009



11031
100
11009
123
14539
147
17009
153
64009
196
17009
198
22009
51
64009
61
43009
855
59009
93
82009
961M
46009



11039
100
66009
123
10009
147
64009
153
10009
196
84009
198
10009
51
28009
61
82009
855
14009
93
14009
961M
80009



11041
100
11009
123
14539
147
17009
147e
17009
153
64009
196
17009
198
22009
51
64009
855
59009
93
82009
961M
46009



11049
100
66009
123
10009
147
64009
147e
04222
153
10009
196
84009
198
10009
51
28009
61
82009
855
14009
93
14009
961M
80009



11051
100
11009
123
14539
147
17009
147e
17009
153
64009
196
17009
198
22009
51
64009
855
59009
93
82009
961M
46009



11059
100
66009
123
10009
147
64009
147e
04222
153
10009
196
84009
198
10009
51
28009
61
82009
855
14009
93
14009
961M
80009



11061
105
66009
122
10499
123
14539
153
64009
186
52499
195
02099
855
59009
93
82009
961M
46009



11069
105
28009
123
10009
153
10009
186
03239
855
14009
93
14009
961M
80009



11071
105
66009
123
14539
153
64009
186
52499
855
59009
93
82009
961M
46009



11079
105
28009
123
10009
153
10009
186
03239
855
14009
93
14009
961M
80009



11081
105
66009
123
14539
153
64009
186
52499
855
59009
93
82009
961M
46009



11089
105
28009
123
10009
153
10009
186
03239
855
14009
93
14009
961M
80009



11091
153
64009
165
64009
174
22009
186
52499
48
84299
855
59009
93
82009
961M
46009



11099
153
10009
165
17009
174
10499
186
03239
48
11379
855
14009
93
14009
961M
80009



11101
153
64009
165
64009
174
22009
186
52499
48
84299
855
59009
93
82009
961M
46009



11109
153
10009
165
17009
174
10499
186
03239
48
11379
855
14009
93
14009
961M
80009



11111
153
64009
165
64009
174
22009
186
52499
48
84299
855
59009
93
82009
961M
46009



11119
153
10009
165
17009
174
10499
186
03239
48
11379
855
14009
93
14009
961M
80009



11131
111
11009
145
11379
186
52499
195
02099
51
28009
970
45009



11139
111
11009
145
52009
186
03239
51
64009
970
03218



11141
111
11009
145
11379
186
52499
195
02099
51
28009
970
45009



11149
111
11009
145
52009
186
03239
195
02099
51
64009
970
03218



11151
111
11009
145
11379
186
52499
195
02099
51
28009
970
45009



11159
111
11009
145
52009
186
03239
195
02099
51
64009
970
03218



11161
100
11009
105
28009
111
11009
145
11379
147
17009
147e
17009
196
17009
198
22009
32
11379
61
82009
970
45009



11169
100
66009
105
66009
111
11009
122
10499
145
52009
147
64009
147e
04222
195
02099
196
84009
198
10009
32
84009
61
82009
970
03218



11171
100
11009
105
28009
111
11009
145
11379
147
17009
147e
17009
196
17009
198
22009
32
11379
61
43009
970
45009



11179
100
66009
105
66009
111
11009
145
52009
147
64009
147e
04222
196
84009
198
10009
32
84009
61
82009
970
03218



11181
100
11009
105
28009
106
43009
111
11009
147
17009
147e
17009
185
22609
191
11379
196
17009
198
22009
200
11379
74
64009
95
16009



11189
100
66009
105
66009
106
03218
111
11009
145
52009
147
64009
147e
04222
185
11379
191
11379
196
84009
198
10009
200
11379
32
84009
74
11379
95
16009



11191
105
28009
106
43009
14
17009
147
17009
147e
17009
185
22609



11199
105
66009
106
03218
14
84009
147
64009
147e
04222
185
11379



11201
105
28009
106
43009
123
10009
174
22009
7
17009
75
48009
77
43009



11209
105
66009
106
03218
123
14539
174
10499
7
84009
75
02099
77
02089
7B
08057



11211
105
28009
106
43009
123
10009
174
22009
7
17009
75
48009
77
43009



11219
105
66009
106
03218
123
14539
174
10499
7
84009
75
02099
77
02089
7B
08057



11221
105
28009
106
43009
123
10009
174
22009
7
17009
75
48009
77
43009



11229
105
66009
106
03218
123
14539
174
10499
7
84009
75
02099
77
02089
7B
08057



11231
106
43009
165
17009
48
11379
7
17009
75
48009
77
43009



11239
106
03218
165
64009
48
84299
7
84009
75
02099
77
02089
7B
08057



11259
95
16009



11261
165
17009
61
43009
7
17009
75
48009
77
43009
95
16009
970
45009



11269
165
64009
61
82009
7
84009
75
02099
77
02089
7B
08057
970
03218



11271
165
17009
61
43009
7
17009
75
48009
77
43009
970
45009



11279
165
64009
61
82009
7
84009
75
02099
77
02089
7B
08057
970
03218



11281
165
17009
61
43009
7
17009
75
48009



11289
165
64009
61
82009
7
84009
75
02099
77
02089
7B
08057
970
03218



11291
156
17009
165
17009
61
43009
7
17009
75
48009



11299
156
67009
165
64009
61
82009
7
84009
75
02099
7B
08057



11301
156
67009
77
43009
970
45009



11309
156
17009
77
02089
970
03218



11311
156
67009
77
43009
970
45009



11319
156
17009
77
02089
970
03218



11321
156
67009
77
43009
970
45009



11329
156
17009
77
02089
970
03218



11331
156
67009
77
43009
970
45009



11339
156
17009
77
02089
970
03218



11341
156
67009
77
43009
970
45009



11349
156
17009
77
02089
970
03218



11351
100
11009
111
11009
92M
11009



11359
100
66009
111
11009
92M
11009



11361
14
17009
191
11379
196
84009
198
10009
200
11379
74
11379
92M
11009
95
16009



11369
14
84009
191
11379
196
17009
198
22009
200
11379
74
64009
92M
11009
95
16009



11379
145
52009
185
22609
191
11379
200
11379
32
84009
48
84299
74
64009



11381
185
22609
191
11379
200
11379
48
84299
74
64009
95
16009



11389
145
11379
185
11379
191
11379
200
11379
32
11379
48
11379
74
11379



11401
106
03218
48
84299
61
43009
95
16009
970
45009



11409
106
43009
61
82009
970
03218



11419
106
43009
48
11379
61
82009
970
03218



11429
122
10499
195
02099



11439
122
10499
195
02099



11441
61
43009



11449
61
82009



11451
61
43009



11459
61
82009



11469
122
10499
32
11379



11471
122
10499
32
84009



11479
122
10499
32
11379



11481
122
10499
32
84009



11489
122
10499
32
11379



11491
122
10499
32
84009



11499
122
10499
32
11379



11511
100
11009
120
10499
14
84009
195
02099
197
84009
33
84009
51
64009
61
43009
93
82009



11519
100
66009
120
10499
14
17009
195
02099
197
28009
33
16009
51
28009
61
82009
93
14009



11521
120
10499
195
02099
33
84009
64
80289



11529
120
10499
195
02099
33
16009



11531
120
10499
195
02099
33
84009
64
80289



11539
120
10499
195
02099
33
16009



11541
64
80289



11551
64
80289



11561
64
80289



11579
64
80289



11589
64
80289



11599
64
80289



11609
64
80289



12021
156
17009
165
17009
61
43009
7
17009
75
48009



12029
156
67009
165
64009
61
82009
7
84009
75
02099
7B
08057



12031
156
17009
165
17009
61
43009
7
17009
75
48009
92M
11009



12039
156
67009
165
64009
61
82009
7
84009
75
02099
7B
08057



12041
156
17009
165
17009
61
43009
7
17009
75
48009



12049
156
67009
165
64009
61
82009
7
84009
75
02099
7B
08057



12051
156
17009
165
17009
61
43009
7
17009
75
48009



12059
156
67009
165
64009
61
82009
7
84009
75
02099
7B
08057



12061
151
64009
154
82009
184
48009
52
53009
61
43009
74
64009
75
48009



12069
151
16009
154
22009
184
48009
52
28009
61
82009
74
11379
75
02099



12071
151
64009
154
82009
184
48009
52
53009
61
43009
74
64009
75
48009



12079
151
16009
154
22009
184
48009
52
28009
61
82009
74
11379
75
02099



12081
151
64009
154
82009
184
48009
52
53009
61
43009
74
64009
75
48009



12089
151
16009
154
22009
184
48009
52
28009
61
82009
74
11379
75
02099



12091
151
64009
154
82009
184
48009
52
53009
61
43009
74
64009
75
48009



12099
151
16009
154
22009
184
48009
52
28009
61
82009
74
11379
75
02099



12101
151
64009
154
82009
184
48009
52
53009
61
43009
74
64009
75
48009



12109
151
16009
154
22009
184
48009
52
28009
61
82009
74
11379
75
02099



12111
156
17009
165
17009
61
43009
7
17009
75
48009



12119
156
67009
165
64009
61
82009
7
84009
75
02099
7B
08057



12121
92M
11009



12129
92M
11009



12131
92M
11009



12139
92M
11009



12141
92M
11009



12149
92M
11009



12151
92M
11009



12169
92M
11009



12179
92M
11009



12189
92M
11009



12199
92M
11009



12201
185
22609
189
43009



12209
185
11379
189
43009



12211
92M
11009



13011
105
28009
106
43009
123
10009
174
22009
7
17009
75
48009
77
43009



13019
105
66009
106
03239
123
14539
174
10499
7
84009
75
02099
77
02099
7B
08057



13021
105
28009
106
43009
123
10009
174
22009
7
17009
75
48009
77
43009



13029
105
66009
106
03218
123
14539
174
10499
7
84009
75
02099
77
02089
7B
08057



13031
111
11009
132
64009



13039
111
11009
132
10009



13041
111
11009
132
64009



13049
111
11009
132
10009



13051
139
52009
14
84009
32
84009
65
75009
970
03218



13059
139
10009
14
17009
32
11379
65
14009
970
45009



13062
139
52009
32
84009
970
03218



13063
14
84009
65
75009



13069
139
10009
14
17009
32
11379
65
14009
970
45009



13071
139
52009
195
02099
32
84009
54
10499



13079
139
10009
195
02099
32
11379
54
53009



13081
139
52009
195
02099
32
84009
54
10499



13089
139
10009
195
02099
32
11379
54
53009



13091
139
52009
195
02099
32
84009
54
10499



13099
139
10009
195
02099
32
11379
54
53009



13101
139
52009
195
02099
32
84009
54
10499



13109
139
10009
195
02099
32
11379
54
53009



13119
16
10009
175
17009
195
02099
5
10009
75
02099
970
03218



13121
16
84009
175
80009
195
02099
5
77009
75
48009
970
45009



13139
16
10009
175
17009
195
02099
5
10009
75
02099
970
03218



13141
14
84009
16
84009
175
80009
5
77009
54
53009
65
75009
75
48009



13159
14
17009
16
10009
175
17009
5
10009
54
10499
65
14009
75
02099



13169
75
02099



13171
75
48009



13179
75
02099



13181
75
48009



13189
75
02099



13191
14
84009
16
84009
175
80009
5
77009
54
53009
65
75009



13199
14
17009
16
10009
175
17009
5
10009
54
10499
65
14009



13201
111
11009
132
64009



13209
111
11009
132
10009



13211



14009
123M
14009
124
52499
188
44009
65
75009
80
67009
855
59009
93
82009
963
46009



14011
123
10009
123M
14009
143
52009
166
54009
61
82009
65
75009
855
59009



14019
123
14539
123M
14009
143
28009
166
17009
61
43009
65
14009
855
14009



14021
123
10009
123M
14009
124
14009
65
75009
855
59009



14029
123
14539
123M
14009
124
52499
65
14009
855
14009



14031
121
10499
123
10009
123M
14009
131
10009
195
02099
65
75009
855
59009



14039
121
10499
123
14539
123M
14009
131
52499
195
02099
65
14009
855
14009



